0 1 187 22 109 814 167 45 124 659 166 32 120 511 184 29 91 438 179 29 109 30 181 56 139 778 177 49 130 471 172 47 128 47 150 234 378 802 169 160 365 274 154 144 366 
1 820 174 35 100 657 168 33 116 512 181 29 108 437 179 28 110 44 155 239 369 477 173 46 127 27 181 55 140 778 176 48 130 799 172 162 359 277 155 144 365 
2 3 189 23 73 479 170 27 130 821 174 34 102 658 168 31 114 482 175 44 126 514 179 28 115 437 180 27 109 39 159 243 366 24 181 54 140 779 175 47 132 797 178 163 349 280 153 144 368 
3 2 189 25 74 474 181 20 92 822 175 34 98 657 170 32 110 516 180 26 113 437 179 28 110 485 174 44 129 24 181 54 142 779 175 47 133 40 162 245 366 796 183 161 343 280 155 149 360 
4 2 189 26 73 475 181 20 94 822 174 32 103 516 178 26 119 486 175 44 128 32 161 258 364 437 179 29 111 24 181 52 141 781 173 45 133 792 183 166 346 282 152 155 360 
5 2 189 24 73 282 177 54 201 489 173 43 132 517 177 26 122 476 183 21 91 822 173 32 102 24 180 51 141 46 175 183 345 437 179 29 112 781 175 46 131 285 145 154 366 790 184 169 344 
6 4 187 22 76 489 174 45 127 282 176 57 208 513 178 28 119 822 173 31 101 22 180 53 139 479 183 23 93 436 179 30 112 781 174 47 134 15 160 237 370 283 144 158 371 787 183 175 344 
7 283 177 57 206 823 171 30 102 503 175 44 126 20 182 55 137 480 182 23 94 436 179 30 112 781 175 47 134 10 162 238 370 280 143 164 378 786 186 174 341 
8 284 177 57 204 188 199 38 90 824 169 29 102 20 182 56 136 502 174 46 125 435 179 30 112 782 175 46 134 481 181 23 95 6 159 234 374 293 144 162 377 786 185 173 343 
9 20 184 58 124 285 176 58 209 188 197 38 99 505 171 47 129 782 176 46 127 435 179 30 112 481 180 26 98 0 155 235 381 293 138 165 386 781 185 177 342 
10 285 171 61 219 189 198 37 99 783 176 47 123 511 172 43 126 435 180 29 110 482 179 25 99 0 153 229 382 778 186 181 338 297 143 160 381 
11 151 195 22 30 13 186 33 117 781 178 54 101 191 196 36 102 286 167 64 218 515 172 42 128 436 182 29 107 482 180 26 98 0 150 225 382 776 181 183 348 299 145 162 378 
12 152 195 20 28 781 177 53 100 191 205 35 101 435 183 29 103 287 165 67 217 486 179 27 99 515 173 45 125 9 172 184 328 305 150 158 373 771 178 183 355 
13 785 178 43 91 185 193 47 118 436 184 29 102 518 172 44 127 289 163 64 202 486 179 27 99 0 150 227 383 312 150 151 375 768 181 186 353 
14 787 176 39 97 185 193 48 116 436 181 30 95 520 172 44 130 486 178 27 102 5 173 190 327 291 163 62 201 314 153 150 368 763 185 188 349 
15 151 196 33 61 790 177 35 95 187 194 47 116 437 180 29 95 520 171 44 132 487 178 26 100 4 172 188 330 290 165 63 198 315 148 149 377 760 187 191 347 
16 152 196 34 87 189 205 39 103 437 179 29 96 487 179 27 101 0 146 225 387 520 170 44 134 289 166 65 197 318 143 147 385 754 180 180 358 
17 438 178 28 94 191 205 38 104 155 197 30 98 487 181 27 96 7 165 175 369 519 169 47 138 290 170 63 190 319 143 153 387 751 188 184 339 
18 844 169 38 70 439 179 27 84 191 206 37 101 156 191 27 124 487 180 27 96 521 168 46 142 5 174 170 353 292 172 61 187 319 137 156 397 747 192 186 334 
19 443 179 24 85 844 168 39 82 194 206 36 101 155 195 30 117 522 168 45 142 487 180 29 98 293 174 67 196 1 177 164 347 317 135 165 395 739 196 187 330 
20 938 173 24 300 443 179 24 83 841 167 42 86 195 206 36 101 145 190 42 129 521 169 47 141 487 180 29 99 292 175 67 196 2 170 159 358 333 129 159 405 737 199 185 330 
21 933 113 26 357 839 165 44 91 523 168 46 144 146 191 42 128 196 204 35 106 488 180 29 96 292 175 66 197 5 165 153 345 731 200 185 329 335 128 154 407 
22 535 166 43 156 530 180 29 93 932 120 28 341 835 165 54 109 147 191 42 127 0 154 164 365 293 173 69 201 489 180 29 95 196 203 35 108 719 194 179 338 341 129 153 410 
23 530 179 28 93 536 165 42 158 931 123 29 334 0 149 162 372 833 165 54 110 147 191 43 125 300 171 74 206 196 201 36 112 489 180 29 94 716 196 183 332 341 131 154 409 
24 364 186 19 31 531 181 29 92 931 130 29 320 0 158 136 382 832 167 53 111 148 190 42 127 196 202 37 110 490 181 30 94 300 170 76 208 344 134 156 402 712 198 180 324 
25 538 170 41 152 817 177 32 87 931 135 28 308 0 154 132 355 834 164 55 126 156 186 31 133 197 202 37 110 490 181 29 94 301 170 75 208 347 141 154 389 713 195 171 329 
26 538 170 42 153 818 179 33 87 0 157 133 348 931 137 28 305 838 166 52 143 157 184 32 138 198 201 37 110 492 180 27 94 301 169 73 210 349 141 154 391 711 189 169 340 
27 38 190 55 36 532 185 24 86 814 180 37 89 540 167 40 162 0 149 130 358 932 139 27 302 848 167 47 142 198 200 37 112 157 183 32 140 492 180 28 92 302 166 71 215 350 149 162 402 701 190 168 336 
28 373 177 40 54 38 190 55 37 932 142 27 298 0 150 126 356 814 178 39 95 532 184 25 88 199 200 37 112 851 167 45 142 157 185 32 137 493 180 29 93 358 140 152 392 302 165 68 217 698 189 170 339 
29 36 188 57 44 656 174 34 105 932 140 28 304 901 197 31 86 0 143 120 372 818 176 37 103 531 183 27 91 193 196 48 119 495 179 28 93 849 169 48 140 158 186 32 135 686 182 169 351 357 139 157 391 301 167 70 217 
30 932 139 28 308 901 198 31 85 36 193 59 53 0 147 117 366 657 172 34 106 813 175 51 124 532 183 28 91 193 197 48 117 495 181 29 92 847 171 49 136 158 190 33 129 684 186 169 342 364 124 165 419 302 167 70 217 
31 555 170 40 163 649 152 46 139 901 197 30 85 42 190 49 67 0 132 117 398 815 174 50 128 194 198 48 116 496 181 28 88 532 184 30 91 158 190 34 127 849 171 49 137 680 187 173 341 302 166 70 218 368 123 160 423 
32 567 174 28 105 648 151 49 138 901 197 28 85 42 189 49 77 497 180 28 93 200 203 36 107 0 134 115 388 532 185 30 89 815 175 48 126 158 193 33 123 851 168 49 140 372 133 158 411 679 196 167 328 301 168 72 216 
33 921 166 37 150 0 193 124 336 901 197 28 85 660 176 37 102 43 187 50 100 206 205 34 104 533 186 30 87 815 176 48 127 158 193 33 124 850 167 50 141 373 140 162 394 301 172 75 209 676 192 171 334 
34 659 175 40 106 369 185 52 196 1 185 123 354 901 196 28 86 919 171 39 142 533 186 30 86 200 200 48 117 40 182 56 131 816 176 48 127 159 190 33 128 851 168 49 139 385 148 158 372 301 173 77 207 673 184 167 350 
35 902 194 26 88 916 174 41 135 370 181 48 192 1 189 119 354 533 185 32 89 38 184 55 135 816 177 48 126 200 199 48 118 159 189 33 130 851 168 51 139 390 144 157 380 301 172 79 206 668 187 163 347 
36 567 169 32 110 661 178 39 99 903 194 25 87 372 180 47 190 2 189 115 350 915 172 41 137 534 184 32 87 816 177 49 126 40 183 53 134 151 193 42 127 200 200 49 117 850 167 52 142 388 147 163 376 300 171 82 205 667 188 162 347 
37 807 175 27 100 914 171 41 137 1 185 113 355 372 180 47 189 535 184 30 87 817 178 49 126 851 169 51 139 202 201 48 115 40 183 51 135 159 191 34 128 396 141 175 387 660 181 166 352 300 168 79 210 
38 869 165 46 130 805 175 27 97 568 169 32 103 370 178 40 191 1 180 112 363 818 176 51 129 537 184 27 83 913 172 42 136 841 172 54 135 39 183 52 135 203 200 47 116 160 191 34 126 300 166 80 215 396 147 177 378 655 183 157 342 
39 1 166 111 384 538 183 24 84 803 178 27 93 371 181 39 187 391 176 55 204 870 163 44 144 913 172 42 136 831 174 54 140 153 194 43 127 38 183 51 136 203 200 48 115 405 152 167 366 302 166 76 214 654 185 154 338 
40 1 171 112 377 803 180 26 91 374 185 40 181 912 173 44 133 872 162 44 147 386 178 62 197 153 194 43 127 827 177 56 137 203 200 48 114 38 183 50 137 408 156 166 358 304 166 73 214 653 181 153 343 
41 374 187 42 179 913 171 42 138 870 161 44 148 385 177 65 198 828 174 55 138 204 199 47 116 155 195 43 128 38 184 51 136 418 152 158 368 304 167 73 212 649 182 153 343 
42 13 215 29 91 374 185 44 185 914 170 41 139 872 162 45 147 155 196 43 125 38 185 52 134 203 200 48 116 383 173 65 205 831 174 53 138 427 131 158 406 305 167 71 215 641 179 157 351 
43 12 215 31 93 374 186 45 185 788 167 30 123 912 168 40 144 878 165 43 143 156 197 44 124 38 186 52 133 203 200 48 116 384 174 67 205 834 175 53 137 435 115 171 433 305 167 72 215 635 178 158 354 
44 11 214 30 94 884 165 43 141 878 171 33 110 0 186 100 347 909 164 41 151 787 167 28 121 375 184 45 187 156 199 45 123 38 187 52 133 204 201 48 117 389 171 66 208 841 173 54 138 432 119 180 423 305 168 73 212 629 168 157 370 
45 884 164 44 143 880 171 33 109 0 186 94 350 912 171 35 108 375 183 46 188 785 173 29 112 37 187 52 133 157 198 45 124 205 200 47 119 844 173 54 136 391 172 66 208 308 168 69 212 435 129 182 405 631 168 153 374 
46 781 174 32 110 912 171 32 109 376 180 45 191 880 163 46 145 157 197 45 126 38 187 52 132 212 204 37 112 842 174 55 137 389 170 68 211 307 168 73 213 440 135 180 392 626 170 157 371 
47 12 210 32 106 911 169 31 108 378 181 42 189 876 163 47 147 773 171 30 108 158 193 44 129 39 188 51 130 213 206 37 112 845 177 56 134 449 145 175 368 390 174 68 208 309 168 72 213 617 182 153 345 
48 12 209 32 108 378 182 41 186 911 170 29 106 876 164 48 145 158 192 45 129 773 172 30 108 40 188 51 131 213 206 37 112 847 175 57 137 452 141 174 375 391 175 68 208 311 167 72 216 613 180 151 346 
49 378 184 40 184 913 165 25 112 886 164 45 145 173 196 32 119 38 188 53 129 214 206 36 112 770 172 33 112 390 179 71 203 848 175 55 138 612 171 141 369 312 167 73 215 461 137 167 383 
50 913 167 26 108 891 164 45 129 172 193 34 124 38 188 53 129 214 205 37 113 768 171 34 115 388 180 75 201 460 144 166 372 849 176 56 137 609 174 140 362 313 165 73 220 
51 14 209 30 104 886 167 47 139 679 172 39 93 172 192 34 127 39 188 52 131 209 197 46 126 765 171 36 114 616 177 126 360 434 127 214 409 387 181 75 201 850 177 56 137 313 166 74 218 
52 678 164 54 119 14 209 29 104 510 178 33 55 886 169 46 137 172 187 33 138 754 175 55 106 40 189 51 130 620 168 112 381 216 203 37 114 311 165 78 221 853 176 54 138 385 181 77 199 448 130 231 404 
53 899 167 28 120 15 210 30 104 678 162 53 127 510 180 33 56 626 173 91 378 879 170 49 138 173 186 32 140 41 188 51 130 753 175 55 109 217 204 36 117 854 176 54 140 313 165 77 220 386 181 75 199 453 125 227 413 
54 902 165 29 121 14 207 30 108 510 181 30 79 678 165 53 121 752 174 55 109 174 185 32 142 41 189 51 127 874 170 53 143 856 175 51 141 217 202 36 121 314 167 75 217 385 178 78 202 490 112 211 429 
55 13 206 31 108 511 180 29 87 678 164 54 123 165 195 46 126 40 191 52 123 754 171 36 113 217 203 37 118 869 171 57 143 315 169 76 216 388 176 78 205 498 108 205 433 
56 13 207 31 108 511 181 30 89 680 164 51 126 166 195 45 125 40 192 53 122 217 205 37 115 871 171 54 144 754 170 34 114 316 168 76 217 391 175 74 207 508 100 196 444 
57 12 206 31 110 683 163 48 126 217 204 37 117 166 196 45 125 513 181 30 95 39 192 54 122 752 172 31 109 514 93 198 459 874 170 51 147 316 169 76 220 389 177 77 207 
58 12 205 31 112 691 172 35 110 214 193 45 126 750 171 32 113 40 190 53 124 513 181 32 95 166 196 45 125 876 170 51 147 316 172 77 215 519 94 200 459 390 173 78 211 
59 12 204 31 113 214 195 47 125 747 167 33 118 514 179 32 100 39 189 54 125 167 196 45 124 877 171 56 141 314 165 90 231 391 174 79 211 523 101 212 447 
60 13 205 30 113 216 194 46 127 742 168 35 118 514 179 31 97 39 189 54 125 167 196 45 125 313 165 93 231 876 171 56 141 391 175 81 210 534 101 208 445 
61 0 185 18 82 13 201 31 119 741 166 36 120 218 194 46 127 38 188 55 127 514 180 31 93 168 197 45 126 312 166 96 232 876 171 56 140 537 104 207 441 392 179 79 205 
62 919 169 32 116 215 205 28 113 12 202 31 115 737 165 32 117 515 179 31 95 219 194 46 125 39 189 56 125 169 196 45 126 311 166 97 230 876 174 59 138 393 180 76 202 538 109 217 440 
63 919 174 32 103 214 204 27 114 4 188 44 133 735 167 35 117 515 178 31 97 221 194 45 127 39 188 55 125 169 196 45 127 310 167 96 229 547 117 214 420 876 175 61 137 393 181 75 201 
64 735 171 31 60 921 172 29 108 515 179 31 96 4 186 44 134 221 194 44 128 40 188 54 125 532 187 91 342 169 193 45 129 310 166 96 229 878 175 61 135 592 132 177 396 396 178 78 206 
65 732 174 31 60 5 186 44 134 515 178 32 96 41 188 53 125 228 207 39 108 311 167 92 228 169 192 47 131 397 179 73 203 524 188 102 345 879 175 61 138 598 127 177 403 
66 30 192 27 103 729 172 34 58 8 189 32 132 516 177 29 99 42 188 53 126 224 194 45 128 311 165 89 230 880 174 62 140 170 192 47 131 520 191 102 338 406 181 78 206 597 102 189 444 
67 935 166 22 120 907 170 47 142 517 179 28 96 863 176 32 124 10 186 31 141 43 187 52 127 227 192 43 131 881 175 62 136 406 180 80 204 318 171 73 219 171 192 48 133 514 185 111 346 601 105 205 443 
68 938 157 19 137 391 178 56 202 858 173 44 132 12 189 29 138 887 174 53 135 43 185 52 130 228 192 43 130 407 180 83 205 318 173 70 216 171 191 48 133 509 182 121 350 608 104 211 442 
69 390 176 51 204 11 198 29 126 861 172 41 138 909 169 44 142 42 182 52 132 227 193 45 126 408 178 84 207 171 192 50 131 317 170 71 219 623 103 207 441 501 182 128 354 
70 390 179 50 197 11 203 28 119 860 171 43 136 910 171 45 139 227 193 45 127 44 179 51 135 172 192 49 133 407 179 86 205 319 170 72 219 643 90 204 461 494 176 138 371 
71 923 146 34 294 391 181 49 197 11 200 28 122 860 168 43 140 911 170 43 141 43 180 51 135 228 193 44 128 403 170 96 226 173 193 49 132 647 90 209 459 322 171 71 222 490 175 139 375 
72 564 179 30 61 395 182 53 199 11 201 28 121 859 166 42 141 43 182 51 133 229 195 44 127 911 172 45 136 174 196 50 129 407 178 85 210 656 87 214 465 324 172 70 221 477 189 142 358 
73 397 182 55 200 563 177 31 65 11 199 29 123 857 167 43 140 230 196 44 126 43 182 51 132 912 173 43 135 177 195 48 129 407 178 84 212 660 88 221 460 324 172 71 223 478 192 137 349 
74 699 157 33 64 560 176 34 69 859 176 31 126 11 200 29 122 914 172 43 141 43 181 50 134 233 206 39 114 177 195 48 129 327 173 69 221 406 179 84 212 471 200 138 339 672 99 222 443 
75 698 163 33 81 563 177 29 84 11 196 29 126 860 171 31 108 917 170 41 146 234 206 39 113 43 181 50 134 176 194 50 130 327 173 69 221 471 200 134 334 405 178 85 210 683 105 221 438 
76 860 169 31 103 658 171 36 100 564 179 28 88 11 195 29 125 918 170 40 144 234 205 39 114 43 181 51 134 177 194 50 129 327 173 73 219 469 204 133 329 405 179 85 211 686 109 221 433 
77 536 173 25 67 922 167 38 152 660 171 36 105 11 195 30 127 694 164 52 121 565 179 28 91 233 195 44 126 43 181 50 135 179 194 49 131 322 170 87 225 463 194 133 339 405 177 84 211 716 114 217 421 
78 530 172 29 69 926 161 35 165 695 173 28 107 931 135 30 318 11 193 30 130 661 170 36 109 564 179 29 94 697 163 50 125 233 194 45 128 42 179 51 138 180 193 49 132 322 169 87 225 456 191 138 346 406 178 82 209 723 112 216 423 
79 692 173 27 101 530 174 29 70 10 194 31 131 660 168 36 113 699 162 50 132 564 181 31 92 236 184 48 132 178 192 48 131 335 173 76 219 41 180 51 136 450 195 141 348 408 176 77 217 733 101 216 437 
80 656 157 50 131 693 173 24 102 530 174 30 70 10 193 31 132 699 162 51 132 564 180 32 95 236 183 48 133 179 192 47 131 42 180 50 136 329 164 88 235 408 173 77 225 741 100 217 436 443 203 138 339 
81 523 171 18 68 693 174 22 104 533 175 27 69 10 192 30 132 657 160 50 130 564 182 32 95 236 184 47 130 701 160 51 137 180 192 47 131 43 178 49 138 408 169 77 233 329 164 90 234 749 102 212 434 443 203 131 335 
82 533 175 30 87 518 171 20 66 10 193 30 130 565 183 32 92 658 162 51 126 705 160 53 136 237 184 46 135 182 193 46 130 43 176 50 140 411 168 67 236 766 91 194 446 329 163 91 238 440 203 125 331 
83 515 174 22 64 533 177 29 84 10 192 30 131 565 183 32 92 660 162 50 123 772 88 186 456 707 162 52 133 237 185 47 135 412 168 65 239 182 193 47 133 43 177 50 138 329 164 91 238 436 202 121 330 
84 512 172 23 66 564 184 32 88 532 177 30 91 10 191 30 134 406 176 62 218 709 160 51 135 814 97 149 446 184 193 48 134 236 186 49 137 43 177 50 139 663 162 51 128 328 163 95 242 430 195 127 343 
85 510 174 24 65 532 178 30 96 564 184 32 89 10 193 29 131 406 175 58 217 816 101 147 441 707 161 54 135 663 162 49 127 184 193 48 136 42 178 51 137 236 187 48 137 428 193 125 337 328 163 96 245 
86 407 178 53 208 531 178 31 99 565 184 31 88 10 199 30 124 673 167 37 118 713 161 55 136 821 112 141 422 185 193 47 136 42 178 51 137 237 189 48 136 426 189 123 343 328 164 99 245 
87 506 172 25 72 863 168 31 65 829 177 34 96 565 184 32 89 531 176 33 102 10 202 30 120 675 163 37 123 714 162 54 134 186 194 46 136 836 94 125 445 43 179 51 136 237 189 49 137 330 162 98 247 421 194 128 343 
88 507 173 25 69 823 168 45 147 564 183 33 92 10 201 30 121 532 175 33 102 676 164 38 121 850 129 114 385 716 162 53 134 186 194 46 135 43 181 51 134 237 190 49 137 417 190 135 354 332 164 95 247 
89 507 176 29 90 553 178 42 157 294 177 30 90 9 200 29 122 565 183 32 92 677 167 36 119 819 168 47 137 533 173 33 106 717 161 54 137 187 193 46 136 863 180 99 357 41 181 53 134 237 189 50 136 412 197 121 342 330 166 99 244 
90 507 176 28 93 552 178 44 157 293 177 31 91 665 173 25 102 565 183 32 93 9 203 29 119 688 162 35 125 820 173 46 127 534 173 32 107 188 192 47 135 718 161 53 137 42 181 52 134 875 175 86 359 237 189 52 136 331 167 100 244 412 198 121 336 
91 506 179 28 89 292 178 32 89 551 175 44 158 860 172 35 104 664 174 27 104 566 182 32 94 9 204 30 120 819 174 45 125 688 164 35 122 893 175 65 365 533 173 34 105 188 192 47 134 719 161 55 137 42 182 52 133 237 188 53 137 331 166 99 245 410 197 121 337 
92 497 176 31 95 293 177 30 89 860 172 35 101 566 181 32 96 915 190 44 331 9 205 30 118 661 175 30 106 816 177 47 120 690 158 34 136 532 173 34 108 189 192 46 133 720 161 54 138 42 180 52 134 332 165 91 246 405 189 113 349 239 188 54 136 
93 499 177 28 92 291 179 30 87 860 172 34 102 916 175 40 309 8 202 32 121 567 181 32 98 660 175 32 106 814 179 50 121 532 174 34 106 692 160 34 133 723 161 53 137 189 192 46 133 41 180 53 133 333 164 87 247 239 188 53 137 404 187 113 346 
94 913 164 44 169 291 179 29 88 497 177 31 93 860 173 34 102 8 204 33 119 567 180 32 98 814 180 50 119 659 175 32 107 692 163 34 126 191 193 45 133 533 174 33 107 41 180 53 134 725 161 52 138 240 188 53 136 333 164 87 244 399 185 117 341 
95 496 178 30 90 861 174 31 103 291 178 29 89 567 181 33 97 9 199 32 123 812 180 48 116 658 175 33 108 910 176 46 154 692 164 36 122 534 175 32 105 726 161 51 137 40 179 53 136 192 194 45 133 334 160 86 248 398 188 113 331 240 188 53 137 
96 0 182 16 111 862 177 31 97 495 177 30 93 290 180 28 86 10 200 32 119 567 181 33 97 657 175 33 106 808 179 48 117 535 175 30 105 911 176 44 153 727 161 52 136 693 164 37 121 40 179 52 136 192 195 45 132 332 161 86 247 241 188 54 137 392 188 118 332 
97 92 187 19 30 863 178 33 94 290 181 26 86 10 197 31 124 472 189 42 197 568 182 34 95 656 177 34 100 806 178 47 120 691 159 47 135 535 176 31 103 727 161 52 137 41 180 51 137 192 198 47 130 905 179 49 148 334 159 82 252 242 188 51 136 387 188 124 337 
98 290 179 26 87 9 195 32 125 469 184 44 205 568 183 33 93 655 177 34 100 694 159 48 132 536 177 30 102 804 178 49 120 728 161 51 137 40 180 53 137 193 198 47 130 903 180 51 146 334 157 81 254 243 188 49 138 386 185 123 341 
99 289 179 26 89 325 179 26 119 654 175 34 101 464 180 47 208 569 184 32 92 9 199 33 120 536 177 29 100 801 178 48 120 696 160 49 131 732 160 50 138 41 180 52 136 194 199 48 129 901 183 51 143 335 158 81 258 244 188 50 144 378 191 117 329 
100 571 189 28 93 325 185 27 82 288 176 25 91 9 200 34 116 538 180 26 96 800 176 45 123 460 178 53 216 700 159 48 129 735 160 48 137 194 197 48 131 894 182 51 144 42 178 50 138 340 161 69 254 244 189 49 145 372 195 121 325 
101 539 181 25 94 287 175 24 96 324 177 27 119 795 177 45 122 8 202 34 114 456 178 57 218 701 159 47 129 737 158 48 141 193 199 50 127 44 177 48 139 894 183 50 144 342 157 66 259 245 190 49 143 369 200 121 319 
102 541 178 29 101 799 181 33 114 7 208 34 110 321 183 31 112 705 159 36 128 740 162 46 147 444 177 62 232 199 193 48 135 43 179 50 137 892 180 49 145 247 190 49 142 346 155 63 264 369 200 113 323 
103 286 176 25 96 571 183 31 90 542 178 29 103 798 183 33 112 8 208 33 111 321 183 33 112 707 157 35 131 441 175 68 235 738 163 49 146 347 152 62 273 43 179 52 137 248 190 48 143 889 179 50 146 199 193 49 136 365 195 114 328 
104 571 181 30 93 285 176 25 96 542 177 28 104 798 183 34 111 7 207 33 112 705 159 47 129 320 183 34 111 349 153 58 266 739 162 50 148 249 189 47 143 888 176 50 147 441 172 68 245 43 178 51 139 201 194 47 134 364 191 113 329 
105 578 180 33 96 544 178 27 103 796 182 35 112 8 207 33 112 705 158 48 130 440 173 85 236 319 186 36 106 43 177 49 140 740 167 50 139 250 190 48 143 886 175 53 150 201 192 49 136 363 188 113 325 
106 577 179 35 97 544 177 27 104 56 186 49 130 796 184 36 109 706 157 48 133 318 186 35 108 9 205 34 114 739 166 52 141 41 179 48 139 441 172 84 242 884 173 54 153 251 189 47 144 201 193 50 136 364 186 109 329 
107 350 164 60 119 17 186 21 39 577 178 36 96 796 183 34 112 544 177 28 105 740 170 53 133 318 186 35 110 715 155 36 136 7 208 33 112 254 191 45 139 40 173 48 146 441 172 83 243 878 175 59 151 201 192 52 137 358 186 113 326 
108 733 165 53 127 577 179 36 93 16 186 21 40 791 181 35 116 545 178 28 102 754 172 56 131 313 184 33 106 716 154 37 137 7 210 33 110 256 189 45 140 38 171 50 147 876 175 58 150 441 172 85 243 201 192 52 137 354 189 118 321 
109 577 181 37 90 545 180 28 99 15 186 21 42 74 210 30 104 791 177 33 122 313 183 31 108 710 164 49 121 7 209 33 111 753 170 57 136 259 189 43 140 37 173 51 145 872 177 56 148 353 188 118 319 203 193 50 136 442 170 84 243 
110 546 182 28 95 579 182 35 89 15 186 20 42 77 210 35 100 312 181 32 108 709 164 53 120 7 211 32 105 342 180 118 317 36 175 50 142 258 190 45 141 752 167 63 143 869 177 62 146 203 195 51 136 441 168 87 247 
111 579 184 35 85 546 183 27 93 8 209 31 106 77 209 36 103 312 179 33 111 716 162 52 128 340 174 121 326 33 175 51 141 256 190 46 144 756 163 60 154 204 196 51 136 867 178 60 146 442 168 87 249 
112 547 185 26 103 9 205 30 110 310 183 35 103 77 208 36 106 717 164 52 126 341 175 113 328 34 172 50 144 258 191 45 142 756 164 62 155 866 181 57 143 205 195 51 138 443 169 87 246 
113 580 185 33 80 547 183 26 93 9 203 30 112 307 180 36 108 77 208 36 106 718 164 53 123 35 173 50 144 339 179 110 318 865 183 54 142 258 191 46 144 757 163 60 158 206 194 52 140 443 170 90 252 
114 399 177 59 210 546 182 27 93 8 178 30 132 306 182 36 105 77 205 36 109 718 164 52 125 34 173 50 143 338 178 109 321 864 182 51 143 257 190 47 144 758 163 59 157 206 193 51 141 446 170 90 254 
115 581 186 34 80 546 180 28 97 395 173 57 158 7 176 30 137 306 182 34 105 77 205 36 109 720 165 50 122 857 179 52 143 30 172 51 144 337 191 106 316 259 189 47 145 763 158 55 166 207 192 50 142 447 173 92 254 
116 580 185 35 81 546 180 29 98 8 177 30 133 397 168 58 237 305 183 34 105 77 203 36 112 732 155 35 137 858 176 49 148 30 175 50 142 767 156 51 171 259 189 45 144 336 191 101 320 207 191 50 143 448 172 90 254 
117 452 168 30 67 579 184 35 84 547 180 29 97 8 207 29 108 395 169 59 240 304 184 34 103 734 155 35 134 77 203 37 111 857 174 47 149 29 177 53 140 261 189 45 144 769 157 50 170 334 198 100 306 207 192 52 142 452 167 89 258 
118 547 180 29 97 579 185 36 82 451 170 32 68 303 186 34 99 729 162 47 123 8 209 31 110 394 169 62 239 77 202 36 111 33 178 51 139 855 174 46 149 261 190 45 142 207 191 53 142 768 157 51 172 454 168 91 259 333 198 95 302 
119 547 179 29 98 579 184 36 84 448 171 36 70 303 185 33 101 730 162 49 123 5 210 34 110 395 170 60 244 78 202 35 113 34 177 49 140 854 175 47 149 262 190 47 140 770 158 49 169 207 191 54 142 334 192 88 312 454 168 92 261 
120 547 178 29 101 580 182 35 88 446 171 38 70 302 186 32 98 744 152 33 142 4 208 33 111 393 164 64 253 78 203 36 112 853 177 48 145 33 178 49 139 263 191 46 140 330 184 91 329 772 160 48 171 208 190 54 141 457 168 94 264 
121 547 178 30 101 581 182 35 88 302 185 30 101 446 170 37 76 3 205 34 112 745 151 34 148 77 200 37 112 390 162 64 254 32 178 49 140 263 191 46 141 848 179 50 142 321 179 102 317 209 190 53 143 773 159 50 172 457 169 96 262 
122 301 187 29 78 580 183 35 87 448 172 32 94 3 188 33 136 746 149 32 150 76 200 37 113 389 157 67 264 265 192 44 142 33 177 47 141 841 181 53 141 318 188 92 300 213 189 50 147 462 166 93 263 776 159 48 175 
123 448 172 31 97 4 185 32 142 736 164 48 122 77 200 37 113 388 158 66 265 266 193 44 140 33 177 47 141 840 182 52 140 214 188 50 149 465 168 91 257 317 186 93 303 777 160 48 174 
124 449 172 31 97 4 186 32 140 738 165 48 123 387 155 66 274 77 199 36 115 266 195 44 136 32 177 47 141 839 184 52 137 315 188 94 299 215 189 49 147 466 171 93 254 778 159 48 174 
125 1 195 24 123 749 156 32 134 268 196 44 133 78 199 35 116 381 161 77 271 32 176 47 141 835 184 53 136 216 191 48 146 777 160 53 174 310 187 99 301 472 170 96 259 
126 550 182 31 87 0 200 27 115 268 193 45 138 750 156 32 135 78 198 34 118 379 164 78 270 33 177 48 139 834 181 54 139 217 192 48 146 778 160 52 171 307 188 100 299 472 169 99 262 
127 938 167 21 311 0 198 29 117 745 164 46 127 267 190 48 140 78 198 34 118 35 175 49 141 834 177 52 144 379 164 85 269 779 162 55 163 218 190 48 149 474 169 96 264 304 187 102 302 
128 939 164 21 318 0 197 29 120 752 163 33 122 268 189 47 141 78 199 34 116 834 174 48 146 34 175 50 141 780 164 57 156 219 189 48 150 379 163 86 272 474 164 99 273 298 189 110 297 
129 747 165 45 126 936 118 23 344 0 202 29 112 272 185 52 145 78 202 34 112 788 165 54 162 833 171 46 148 34 174 49 142 220 190 47 148 378 164 86 270 474 165 102 271 296 187 111 299 
130 180 186 22 27 0 204 28 109 274 188 49 138 935 124 24 332 748 162 44 131 78 200 35 114 789 164 55 165 832 169 45 150 33 173 50 141 221 192 47 145 379 165 88 270 475 169 105 262 296 187 110 300 
131 275 190 47 135 0 204 29 108 935 128 24 327 747 163 44 130 833 171 43 148 77 201 34 113 788 163 58 163 31 174 51 140 222 192 46 144 378 166 90 271 473 167 110 268 295 187 109 299 
132 184 184 19 29 275 188 47 130 835 174 40 145 0 204 28 110 935 137 25 313 747 166 47 126 77 200 34 114 29 173 51 141 791 162 56 161 222 192 48 141 379 165 92 275 473 169 109 266 290 190 108 293 
133 275 189 45 127 836 186 33 115 0 203 27 111 746 167 47 121 934 137 26 315 76 202 35 113 27 174 52 140 791 162 57 162 222 192 48 141 384 162 91 280 475 171 108 277 290 191 110 292 
134 281 194 36 94 838 189 32 110 0 204 26 110 932 140 27 310 746 169 48 118 76 203 35 110 26 174 52 140 476 166 109 273 790 164 64 160 221 191 49 144 384 159 93 285 288 195 112 283 
135 0 175 26 138 746 169 52 119 928 138 30 312 76 204 35 109 26 177 51 138 481 171 102 262 789 161 70 163 220 190 50 151 387 160 93 283 284 194 115 282 
136 0 205 26 107 746 170 52 118 926 141 33 306 77 201 34 112 25 181 50 135 219 189 52 153 794 160 67 168 483 171 101 261 281 196 110 279 386 158 97 284 
137 773 165 29 122 749 183 32 109 925 148 34 295 0 203 25 111 22 185 52 131 76 202 35 110 219 189 51 153 800 167 61 161 487 170 97 265 280 194 96 276 387 155 98 290 
138 917 170 40 156 775 163 29 127 924 149 35 293 0 200 23 115 747 172 46 128 76 202 35 110 20 185 54 132 220 189 50 153 805 167 59 163 486 169 99 266 280 192 94 279 388 156 98 289 
139 916 172 40 150 924 151 36 288 774 161 30 129 0 199 22 118 748 172 44 128 76 203 34 108 19 183 55 133 220 188 50 154 487 166 100 273 806 163 55 164 388 156 99 290 277 192 96 276 
140 916 173 40 148 0 179 23 132 924 151 35 290 748 178 32 115 773 159 31 134 77 204 34 107 18 183 55 134 487 163 103 278 221 187 47 156 811 163 49 167 277 189 94 285 389 156 98 288 
141 915 174 41 145 772 162 32 128 922 154 37 286 747 177 33 115 0 200 21 117 77 205 33 107 17 183 57 134 485 166 104 286 220 187 48 156 811 161 52 172 388 156 100 290 277 190 93 286 
142 277 186 22 69 781 163 42 148 912 173 44 142 920 152 39 289 772 166 33 119 0 193 20 129 744 172 34 115 76 208 34 104 813 164 51 167 14 181 59 135 220 189 48 154 485 167 110 285 269 190 100 287 393 157 107 289 
143 275 186 23 69 772 167 32 116 919 151 40 291 0 193 19 130 782 166 42 143 909 174 46 138 743 171 35 118 77 208 34 102 14 177 59 138 220 189 51 153 816 163 51 169 267 189 100 291 488 168 107 284 393 159 109 283 
144 774 170 29 112 0 202 19 113 782 168 43 142 744 171 35 117 909 173 46 137 77 208 33 102 818 162 51 170 14 176 60 138 219 189 51 153 264 190 102 293 490 168 104 283 396 160 105 282 
145 918 143 40 307 0 205 19 109 907 170 47 141 733 169 49 122 76 208 34 101 783 171 46 142 815 163 56 167 13 175 60 139 220 189 51 152 400 165 98 291 264 195 100 280 491 170 105 282 
146 916 150 43 291 0 206 20 108 905 166 49 152 732 173 50 123 76 208 34 101 783 170 46 140 813 164 60 163 13 175 59 140 220 189 51 152 497 175 99 273 402 164 99 293 264 192 96 283 
147 919 138 37 312 943 163 16 154 0 205 20 111 905 165 49 153 728 174 51 121 76 208 34 101 505 171 107 283 781 172 47 140 815 165 59 163 220 190 50 150 13 174 60 140 264 190 93 285 403 161 99 301 
148 203 189 20 30 943 166 16 149 0 199 18 120 905 165 48 154 76 208 34 100 727 174 52 122 821 162 62 168 780 173 48 143 221 190 49 149 12 174 61 140 507 174 105 276 264 191 93 285 403 165 100 294 
149 203 190 19 29 940 152 19 147 0 201 19 116 907 163 47 158 70 208 38 99 727 175 50 120 222 191 49 148 12 174 60 139 822 162 65 170 780 179 48 140 509 176 102 273 403 166 101 292 261 191 96 280 
150 203 190 18 27 917 159 43 169 0 205 19 111 71 207 37 100 890 167 50 153 726 178 50 116 222 191 48 148 13 175 59 138 777 179 47 136 505 174 112 275 821 161 67 174 404 167 104 291 260 191 94 273 
151 202 190 18 27 923 155 39 180 0 196 18 126 77 205 33 104 890 167 49 155 725 178 49 118 222 190 47 150 13 176 57 136 775 176 48 139 509 172 110 281 405 162 107 295 822 161 66 175 258 189 93 273 
152 201 189 18 27 928 151 34 189 170 189 20 23 934 125 26 333 0 200 18 120 807 169 27 109 77 204 32 104 724 177 47 118 222 191 46 150 14 177 55 133 891 168 46 155 773 176 46 134 408 150 106 305 514 169 109 290 257 187 95 277 827 161 63 177 
153 201 189 18 26 170 189 20 23 930 148 33 197 936 121 25 338 0 202 18 115 806 168 29 112 725 176 46 120 222 190 46 150 77 204 33 104 14 177 56 131 771 175 45 134 891 168 46 155 408 157 104 304 517 169 110 286 829 159 62 180 256 188 96 273 
154 938 118 24 342 0 202 18 114 724 176 47 120 223 191 45 148 769 174 44 131 805 166 30 122 14 178 56 129 76 204 34 105 889 168 48 155 411 163 102 296 519 170 112 287 255 191 96 269 831 157 58 181 
155 4 176 43 142 937 116 25 347 931 144 33 204 731 181 35 110 0 198 16 122 222 190 47 148 761 176 45 133 806 161 33 132 13 178 54 130 76 203 36 107 887 167 51 157 420 162 94 296 518 172 125 288 834 156 60 184 252 193 101 268 
156 3 176 43 141 936 121 26 339 0 193 17 130 729 173 35 110 222 191 46 145 759 179 46 132 805 160 34 133 13 179 54 127 76 202 36 108 886 167 51 156 425 168 92 289 518 171 129 294 834 158 63 182 250 196 100 266 
157 3 174 43 144 928 150 35 183 0 176 17 136 224 192 46 136 727 173 35 109 805 156 35 140 756 182 48 130 14 179 53 128 76 200 35 112 886 169 47 154 425 172 96 284 517 173 130 286 249 194 100 267 836 160 61 178 
158 4 173 42 144 934 118 27 341 923 150 37 151 0 177 17 134 727 172 34 112 806 158 36 134 886 171 46 154 77 199 33 114 755 184 48 128 14 179 54 128 247 193 101 270 427 170 96 288 517 172 131 292 838 158 60 180 
159 306 197 41 91 934 115 27 347 343 217 43 81 729 175 52 128 922 151 37 148 0 178 17 133 726 174 34 108 77 199 31 113 808 160 36 131 754 184 49 128 14 178 55 128 886 170 45 156 428 171 94 285 520 174 126 291 240 196 98 262 838 158 62 181 
160 143 185 18 27 88 191 19 26 4 173 44 142 305 198 42 91 343 216 42 83 920 153 39 140 931 121 30 334 0 180 17 131 736 180 56 123 724 175 35 106 807 161 37 129 886 166 46 162 77 200 31 112 13 179 56 128 536 169 121 296 433 159 104 309 236 197 101 259 839 157 65 181 
161 143 186 19 26 346 206 39 68 0 182 17 127 928 118 32 344 915 156 43 137 723 177 35 102 808 157 36 133 881 163 46 165 735 181 59 120 72 205 35 105 13 179 57 129 538 168 118 299 435 160 103 309 840 160 68 178 236 197 100 259 
162 303 185 42 141 722 178 36 97 808 165 49 119 912 155 46 147 730 181 61 122 12 178 57 130 71 207 36 101 544 170 108 302 235 191 94 264 438 160 101 309 842 160 68 176 
163 723 180 34 95 0 205 16 106 303 184 42 149 730 180 57 118 810 162 50 124 911 155 49 168 12 178 57 128 71 207 36 101 543 171 109 297 438 161 104 305 234 187 95 263 845 161 68 175 
164 0 204 16 107 303 184 43 153 728 177 51 118 810 163 49 125 911 155 48 170 71 209 35 99 12 177 58 131 547 171 103 290 441 162 105 305 234 185 93 264 847 159 67 180 
165 745 181 33 110 0 205 16 106 303 183 44 158 724 174 48 122 12 177 58 133 907 154 51 172 71 206 35 103 811 162 47 127 550 167 99 291 445 158 106 309 231 185 93 265 850 162 62 175 
166 0 204 16 107 303 184 45 159 722 177 50 119 12 176 58 133 71 208 34 101 907 153 50 182 811 163 48 126 447 156 110 313 551 167 102 292 230 184 91 263 852 162 60 174 
167 319 189 50 149 0 204 15 108 923 139 36 295 721 177 48 120 910 154 44 138 301 186 49 158 812 165 49 121 71 207 33 100 11 176 58 133 860 158 59 183 551 166 105 299 448 148 119 331 229 185 90 264 
168 925 137 32 299 316 189 52 150 0 203 15 108 735 181 31 113 813 166 49 119 910 155 42 138 300 188 52 155 71 207 33 100 11 177 58 132 862 159 56 182 552 165 107 302 448 146 120 338 228 186 92 261 
169 710 176 47 121 929 134 28 309 318 187 49 152 0 202 14 108 914 156 39 137 734 180 32 114 300 189 50 153 822 168 39 115 11 177 57 134 70 208 34 99 863 159 63 180 555 163 108 303 448 147 124 335 227 186 90 259 
170 930 134 27 312 320 187 49 152 0 201 14 110 813 170 54 109 301 198 50 150 716 180 53 119 13 179 54 132 70 207 34 99 866 160 65 180 556 162 114 308 451 148 118 332 224 187 89 260 
171 321 189 50 150 925 149 32 193 936 157 23 139 0 202 15 109 814 171 54 110 933 129 25 327 709 179 51 120 300 197 51 152 13 179 53 131 69 206 34 100 865 155 67 185 452 151 118 324 557 163 115 304 223 188 90 260 
172 861 181 24 118 929 145 29 199 0 203 16 106 935 110 23 366 709 178 48 118 817 167 52 120 13 180 52 130 308 202 60 140 70 207 32 100 457 147 126 332 867 156 64 183 561 171 111 296 221 190 91 258 
173 0 204 16 106 826 156 34 140 859 168 26 146 934 114 25 359 710 178 47 118 13 181 52 128 308 202 62 140 70 207 32 99 870 156 62 182 565 172 109 296 458 151 126 328 220 191 91 257 
174 0 203 16 106 826 159 31 135 934 111 25 367 5 179 48 135 849 166 41 149 713 184 36 106 306 203 66 140 69 206 31 99 564 173 113 296 871 155 64 183 460 150 122 332 220 190 91 257 
175 189 184 21 28 827 165 30 125 0 205 16 105 931 149 31 197 710 183 34 110 5 178 50 134 849 167 40 152 312 190 63 151 69 207 31 98 222 185 85 267 579 172 112 299 879 155 59 180 463 151 115 332 
176 188 184 21 29 565 179 31 87 0 205 16 106 827 171 29 112 931 147 30 201 707 183 35 111 5 177 50 135 849 170 40 147 311 189 65 154 68 207 31 97 578 171 116 303 222 184 83 265 879 154 59 180 464 148 116 338 
177 930 147 31 198 705 180 36 112 5 176 50 136 846 172 42 147 67 206 32 99 312 187 65 157 223 183 81 260 883 154 57 179 578 169 119 307 466 151 112 335 
178 0 204 16 106 185 185 21 28 53 190 15 39 928 151 33 196 697 177 34 117 5 176 50 136 67 205 31 101 314 185 64 160 221 183 83 253 842 172 45 146 581 174 119 298 884 156 58 182 469 151 106 336 
179 0 204 16 104 564 177 28 61 184 185 20 28 569 188 56 210 927 151 34 195 53 189 16 40 698 181 35 110 3 177 50 134 67 205 30 100 313 184 66 162 220 185 83 252 840 173 48 144 885 157 58 181 584 172 122 304 473 151 102 335 
180 408 216 41 78 184 186 20 27 55 190 16 37 915 157 45 180 567 187 60 255 698 182 34 110 3 176 51 134 68 205 30 101 219 185 85 251 885 160 58 174 308 183 73 163 836 174 55 141 476 157 97 328 592 165 115 319 
181 110 191 15 22 183 185 21 29 56 190 16 37 570 187 60 257 691 180 43 135 3 177 51 133 67 204 30 101 883 160 65 171 311 186 70 159 220 185 82 252 835 173 55 143 478 162 97 320 593 167 118 314 
182 182 185 23 28 56 190 17 36 573 184 60 265 692 181 44 142 3 175 51 135 67 203 29 102 880 157 67 178 313 187 68 158 220 185 82 254 834 172 53 145 477 161 99 322 599 169 107 317 
183 56 190 20 36 180 185 23 29 575 182 62 268 692 181 44 145 880 152 56 182 902 159 54 179 3 177 50 133 65 204 30 99 315 187 65 157 834 169 52 147 213 186 83 252 478 158 105 326 593 174 121 307 
184 112 191 15 22 180 186 23 27 56 189 19 37 575 185 62 265 692 181 43 144 878 149 54 181 3 177 51 134 902 157 55 175 65 204 30 101 323 193 55 158 834 171 51 143 212 186 83 255 478 158 111 329 590 174 126 307 
185 112 190 16 23 691 179 41 146 577 185 63 265 3 178 49 132 912 165 46 174 64 202 31 104 324 183 56 166 874 151 57 178 831 169 51 146 211 186 84 256 484 156 113 336 589 173 131 310 
186 113 189 16 23 693 176 40 147 581 186 61 267 912 164 45 176 3 178 50 133 63 202 31 105 325 193 53 158 873 150 56 178 830 169 50 145 208 189 86 252 589 172 134 311 488 151 110 346 
187 710 172 25 105 264 191 35 96 114 189 16 24 582 181 60 274 906 162 51 177 3 178 49 133 63 201 32 106 875 150 51 179 328 193 50 157 829 170 52 144 204 191 89 251 609 163 123 334 490 148 109 351 
188 395 216 46 79 115 189 16 24 684 182 23 43 707 173 29 102 585 178 59 280 4 178 48 133 904 162 53 173 62 199 32 108 873 151 54 179 200 192 87 251 328 185 52 164 827 170 52 144 614 167 122 329 492 145 112 357 
189 253 189 42 140 685 180 22 44 395 215 46 80 916 144 41 294 307 175 23 100 703 173 28 96 587 174 60 286 4 177 49 133 903 160 55 172 875 151 52 177 197 193 89 251 62 199 32 109 825 172 53 141 329 194 48 158 494 150 113 348 617 170 119 326 
190 116 186 17 27 703 174 28 95 920 145 37 297 392 206 61 91 252 186 42 149 590 169 59 294 303 173 27 104 907 159 51 178 60 190 34 116 4 176 50 133 195 191 87 252 328 194 50 158 877 153 55 175 824 174 55 140 621 168 113 330 499 157 117 339 
191 116 186 17 28 591 170 60 288 301 172 29 105 702 174 30 93 393 205 59 91 251 184 41 158 922 141 35 302 910 160 47 177 60 187 34 119 5 176 51 133 194 191 85 248 329 185 53 160 821 171 51 143 873 154 57 174 625 170 107 329 500 159 119 336 
192 700 175 29 61 116 187 17 28 393 206 60 90 297 176 28 96 923 135 33 318 912 156 45 183 252 188 43 172 59 191 34 113 5 175 52 135 329 194 52 159 820 171 52 143 192 192 87 245 872 153 57 175 627 168 108 326 502 156 118 344 
193 700 175 28 59 397 206 42 79 294 172 31 109 924 124 33 339 915 151 43 198 252 192 45 161 59 187 35 120 5 175 52 134 820 172 50 142 331 192 53 162 629 168 113 321 872 153 57 175 188 193 88 239 510 154 116 346 
194 398 206 41 79 294 178 30 100 923 131 33 325 253 190 47 165 59 190 34 115 821 172 46 141 5 176 53 133 332 192 55 162 188 192 88 240 873 156 55 169 627 170 120 311 512 155 124 346 
195 72 184 20 35 399 206 41 80 606 176 61 278 293 177 31 102 927 133 31 321 59 193 34 108 5 175 53 133 253 189 46 168 821 171 47 142 187 193 86 240 334 191 56 165 870 160 60 165 631 167 121 320 514 155 128 345 
196 399 206 41 80 74 183 20 36 607 169 55 292 837 172 49 144 293 176 30 101 59 194 33 106 928 129 30 330 5 175 52 134 252 191 47 164 821 171 45 143 184 194 88 237 336 191 55 165 868 158 59 169 633 166 122 327 514 151 128 352 
197 842 168 48 147 399 206 42 79 533 184 21 31 161 186 19 27 76 183 20 38 292 176 27 99 59 193 33 108 932 130 27 327 5 175 52 135 252 193 48 161 821 169 44 146 182 197 90 233 338 192 53 163 865 158 61 164 642 152 127 360 514 151 131 351 
198 400 207 40 78 162 187 19 25 632 176 38 86 309 205 25 76 609 179 59 276 534 183 21 34 76 183 21 38 933 130 26 330 59 194 33 105 5 174 51 135 252 194 50 158 820 170 44 143 187 201 75 223 339 198 54 156 862 157 64 164 514 154 135 344 644 159 134 350 
199 935 159 24 125 162 187 17 26 123 187 22 26 609 185 65 266 534 183 22 36 938 149 22 338 78 182 20 41 59 195 33 104 6 174 49 135 252 194 50 158 173 193 86 238 819 170 45 142 859 158 64 159 343 197 55 158 516 159 134 332 648 160 133 347 
200 0 184 20 121 160 187 19 25 533 184 24 39 124 187 24 26 610 189 66 265 932 135 26 315 79 182 20 41 60 194 33 104 6 175 48 134 859 161 63 154 254 193 52 161 173 194 86 236 818 171 44 141 343 196 56 161 654 161 127 351 519 159 133 336 
201 613 184 66 274 124 187 22 26 932 139 27 311 80 183 19 40 60 195 33 102 6 175 50 133 255 193 55 161 853 160 55 157 173 194 85 238 817 173 44 140 659 161 119 351 342 195 59 162 526 155 145 350 
202 931 143 28 304 530 179 28 57 0 188 20 115 152 186 18 26 125 187 21 26 80 183 20 39 60 196 33 101 5 177 51 132 257 191 54 164 817 173 44 139 171 195 88 232 853 159 56 159 341 194 63 163 661 164 118 346 524 154 154 353 
203 933 133 26 323 150 185 20 28 618 183 77 282 528 178 29 84 126 187 20 25 80 183 19 38 60 197 33 101 5 175 51 134 174 194 76 233 255 190 57 166 815 173 44 139 851 160 57 160 342 196 63 161 525 159 149 341 665 170 119 333 
204 150 184 20 30 931 132 27 325 618 178 78 288 126 187 19 27 80 184 19 38 529 177 28 85 60 197 33 100 5 176 51 131 174 195 74 232 254 191 59 166 813 173 46 138 850 160 56 160 343 193 62 165 527 159 145 338 668 169 120 335 
205 149 183 22 32 80 185 19 36 127 186 19 26 929 140 30 307 633 181 93 282 526 177 29 96 60 197 32 100 5 176 50 130 173 195 73 231 810 174 49 135 255 192 59 168 848 160 56 162 346 194 62 163 531 149 137 361 665 171 130 327 
206 149 184 21 30 0 210 17 96 127 187 19 26 82 187 21 31 930 140 30 309 637 183 87 277 523 178 31 94 59 200 33 96 5 177 49 129 171 193 72 233 811 175 49 133 254 192 60 168 850 157 53 167 348 192 64 165 535 145 133 370 675 160 136 352 
207 228 194 32 95 921 158 35 171 0 211 18 95 930 135 29 318 127 187 20 26 83 187 21 32 59 201 33 96 522 179 32 93 647 177 66 278 4 178 48 128 171 189 71 241 811 175 47 131 255 193 61 168 348 190 66 168 851 158 50 165 541 144 129 373 675 151 139 362 
208 128 186 18 26 919 156 37 171 84 186 20 32 53 196 31 105 640 188 85 278 520 180 35 98 11 180 38 126 808 175 44 130 169 190 72 238 255 194 63 168 849 157 52 164 349 189 66 171 546 146 127 375 681 160 138 347 
209 221 188 31 109 128 186 18 26 915 163 40 152 84 186 20 32 519 181 35 97 644 192 81 279 53 196 32 104 11 177 38 129 803 174 44 134 166 190 73 238 254 195 67 167 349 190 66 171 846 156 56 164 546 147 131 372 685 160 140 352 
210 146 187 21 26 218 190 35 105 129 186 17 26 85 185 19 33 913 163 43 151 515 183 33 92 53 195 33 105 649 188 76 291 4 177 47 127 800 173 44 144 157 194 88 229 255 194 66 167 352 193 62 166 549 143 131 384 845 157 55 161 689 160 140 354 
211 143 189 24 25 129 186 19 27 909 166 46 145 216 189 37 107 801 171 46 146 85 185 20 32 657 186 63 285 53 196 32 105 3 177 46 129 515 182 34 95 154 195 89 226 354 196 61 162 257 193 65 169 844 157 56 162 549 136 131 393 685 160 154 357 
212 129 186 18 27 143 188 24 25 800 168 50 150 216 189 36 106 906 167 48 143 86 185 20 32 53 196 31 104 655 183 74 297 514 180 34 98 11 168 36 147 150 195 91 228 354 198 62 161 259 192 63 170 551 130 130 407 843 156 57 164 681 165 165 348 
213 920 129 37 328 131 187 16 25 144 187 24 27 409 194 41 100 804 180 35 87 216 190 34 104 903 164 50 151 659 176 75 308 87 184 20 33 53 194 33 106 513 180 33 96 11 166 36 150 144 196 93 227 354 198 62 159 839 157 62 162 265 187 64 175 685 171 166 352 558 137 129 396 
214 144 187 22 27 408 187 48 109 216 191 34 102 803 179 36 87 665 182 83 299 88 184 19 33 902 164 51 149 53 195 33 107 513 180 32 95 11 164 35 154 141 196 94 224 837 158 62 162 354 197 63 160 266 187 65 177 561 141 125 391 702 171 160 356 
215 409 186 48 108 668 185 82 295 215 191 35 105 802 176 36 92 89 184 19 33 53 194 33 108 900 167 53 143 11 168 35 146 510 180 33 97 142 188 89 231 353 196 64 162 835 161 64 158 266 189 66 173 567 139 131 393 707 178 160 348 
216 670 184 82 293 414 195 35 98 801 174 36 94 892 166 53 148 214 191 35 103 89 184 19 34 54 193 32 108 5 176 45 131 509 180 32 97 144 196 87 225 354 194 66 167 836 161 62 157 567 140 132 392 266 188 67 174 709 178 161 351 
217 416 196 35 96 90 186 18 32 802 174 34 96 675 189 76 286 214 190 36 106 892 163 52 155 53 194 32 108 4 176 45 130 509 178 33 99 136 199 89 220 354 195 69 165 836 163 59 156 267 190 67 171 568 141 134 391 712 175 160 356 
218 90 188 18 31 801 174 33 64 416 198 33 92 684 191 64 267 53 195 32 105 213 191 36 106 890 164 51 153 10 178 37 128 507 178 32 99 267 191 70 171 836 164 55 150 352 194 72 167 135 197 88 225 713 167 156 370 571 138 139 392 
219 91 188 18 31 686 187 62 278 801 172 32 62 415 200 33 91 53 196 31 104 211 190 37 108 506 178 33 100 10 179 37 126 890 165 48 154 835 163 53 154 267 193 70 169 351 194 75 166 718 163 144 374 133 196 90 226 575 137 138 394 
220 805 170 27 62 92 189 18 29 692 180 61 290 416 201 32 90 210 189 37 110 52 196 32 104 504 179 34 99 11 180 36 124 889 166 50 151 833 164 51 155 350 196 77 165 720 158 139 362 271 193 67 170 129 198 94 222 580 143 139 380 
221 695 177 60 296 94 189 18 28 416 199 32 93 52 196 32 104 210 188 37 110 831 164 52 151 502 178 35 99 888 165 51 150 12 179 36 125 351 197 77 165 125 197 95 225 273 193 66 170 722 159 140 360 580 137 142 389 
222 697 174 58 313 414 201 32 91 95 189 19 28 831 161 52 159 210 189 37 112 502 178 34 99 52 196 32 104 889 165 50 153 12 179 36 125 124 196 91 225 352 199 77 162 277 194 62 170 726 159 138 358 584 137 142 390 
223 440 182 23 84 96 188 19 29 830 161 50 162 502 181 32 95 210 190 37 111 52 196 32 103 889 167 48 147 12 179 36 127 125 188 86 230 351 199 80 164 733 154 132 366 278 192 62 173 594 139 151 378 
224 723 173 39 94 96 187 19 29 503 180 31 94 210 190 37 111 827 160 52 160 52 197 31 102 886 166 53 148 12 177 36 129 124 186 86 229 353 197 79 166 737 145 133 383 278 191 61 174 590 138 161 371 
225 97 186 21 30 727 180 39 81 827 166 49 122 499 180 31 95 210 189 37 114 52 196 31 101 881 165 55 149 12 177 35 128 743 159 149 378 123 185 86 231 358 199 75 164 280 190 60 175 589 140 173 370 
226 97 186 21 30 447 184 37 80 832 162 41 91 499 180 30 96 53 195 30 102 208 188 38 116 12 178 34 126 881 164 58 150 122 185 85 234 359 202 76 161 746 137 149 404 282 190 58 175 591 142 173 370 
227 834 162 37 90 447 181 36 84 499 180 29 98 53 195 30 102 208 186 39 118 881 168 57 142 12 177 34 126 119 185 86 232 361 202 75 162 746 158 156 380 282 189 58 176 594 143 177 368 
228 450 182 34 82 52 196 30 101 498 178 29 99 206 186 40 118 877 169 59 140 12 177 35 128 123 189 71 225 365 199 71 165 755 164 140 374 284 189 58 175 598 152 174 360 
229 454 185 30 78 206 188 40 116 52 195 30 101 878 168 55 142 496 178 31 101 12 178 35 126 372 195 74 169 124 192 68 233 759 151 137 377 285 188 57 175 601 151 174 364 
230 786 171 28 59 52 195 29 100 494 180 32 97 878 168 49 145 205 188 40 116 12 177 35 129 374 193 71 173 123 192 67 233 768 159 132 380 287 187 55 179 603 156 177 356 
231 728 175 30 55 728 178 82 295 205 188 40 116 879 170 42 146 51 195 30 102 492 181 32 95 11 178 35 126 376 193 69 173 122 191 63 234 288 187 55 180 608 157 171 356 768 164 140 371 
232 105 185 22 28 880 173 38 153 730 173 29 55 736 179 93 299 204 188 40 115 51 194 30 103 490 180 34 96 11 179 35 125 376 193 70 175 122 192 62 233 288 188 55 180 766 163 148 373 611 153 169 360 
233 201 189 48 118 488 182 35 94 50 195 31 104 740 184 87 302 12 182 34 120 119 195 68 208 380 192 68 174 289 189 56 180 781 169 147 364 621 150 171 370 
234 732 171 35 59 0 192 17 107 579 186 39 81 811 160 32 61 206 191 37 110 488 181 34 96 50 193 30 105 742 185 88 302 12 182 34 121 381 190 68 178 117 195 71 209 290 192 55 176 784 166 154 367 628 144 157 382 
235 0 191 18 109 579 184 38 84 736 173 25 35 207 191 36 109 814 160 36 62 748 181 83 312 487 181 34 96 51 194 29 101 381 189 67 178 10 183 34 121 115 195 72 209 292 193 54 173 798 157 153 382 635 142 148 387 
236 0 190 17 111 579 183 38 87 739 173 23 34 199 189 35 112 747 178 86 317 813 161 38 62 486 180 33 96 51 193 29 103 381 189 68 181 9 183 35 121 115 195 72 209 293 194 54 171 802 155 156 385 640 141 151 390 
237 580 182 37 89 739 174 24 32 198 187 36 114 752 173 81 329 813 160 39 65 485 180 34 97 52 192 28 104 383 191 66 180 8 184 35 119 108 197 74 208 292 195 56 169 807 153 148 391 644 143 150 385 
238 353 198 36 94 741 174 22 29 578 182 37 91 813 158 41 69 200 186 36 120 483 178 34 97 755 173 86 348 51 192 29 106 7 181 36 123 385 194 65 176 107 195 76 212 293 196 56 168 647 135 146 403 820 155 141 391 
239 353 198 36 93 578 182 36 91 815 163 38 75 200 188 35 117 483 177 32 98 51 193 29 105 7 176 35 132 761 172 79 354 385 198 64 172 651 129 145 416 107 196 75 211 294 196 56 171 824 157 135 386 
240 180 179 24 64 579 182 34 92 354 199 35 93 813 160 40 82 199 187 36 119 49 194 31 103 479 177 32 99 8 173 33 135 768 176 75 347 386 199 65 169 106 196 74 210 294 196 62 170 653 131 148 411 826 161 132 378 
241 768 177 23 31 178 177 23 85 355 200 35 90 815 164 40 75 49 195 31 103 199 187 35 121 778 178 75 344 479 177 32 99 8 176 34 132 388 196 62 173 105 195 77 211 296 191 62 177 658 157 145 382 829 165 130 373 
242 570 187 29 100 769 176 22 33 176 178 22 86 356 202 34 89 855 167 31 62 198 189 36 114 782 175 77 351 479 179 31 98 48 196 30 103 8 172 33 140 389 195 61 176 104 195 77 212 295 189 63 181 665 149 162 398 832 165 125 376 
243 356 203 34 87 789 188 82 280 568 188 31 99 854 165 35 70 8 172 34 139 47 196 30 103 189 190 54 121 478 179 30 99 102 196 74 212 388 193 64 179 298 184 63 188 837 170 121 367 670 150 159 398 
244 356 203 34 89 790 182 82 292 568 186 32 100 855 166 35 70 476 180 31 97 189 190 52 120 47 195 29 103 8 173 34 137 101 197 72 210 389 192 62 178 678 140 154 416 839 167 119 376 299 186 61 185 
245 357 204 33 87 798 167 77 317 671 166 89 333 855 165 35 75 567 188 32 97 189 190 53 117 475 181 32 95 46 194 30 105 9 176 34 129 97 198 73 207 850 162 105 377 391 192 64 177 299 191 60 180 685 152 156 392 
246 164 187 30 101 803 166 73 326 361 211 31 88 855 168 35 74 674 167 86 335 567 186 33 98 189 189 51 118 46 194 30 105 474 182 32 95 8 177 35 127 300 192 59 179 96 198 73 206 391 191 64 178 854 157 100 386 690 154 150 387 
247 857 169 36 72 806 168 72 336 